-1 -0.741809 0.00146236 -0.740347
0 -0.742112 0.00146242 -0.74065
1 -0.743227 0.00146296 -0.741764
2 -0.743425 0.00146329 -0.741962
3 -0.743487 0.00146346 -0.742024
4 -0.743544 0.00146363 -0.742081
5 -0.743681 0.00146396 -0.742217
6 -0.743994 0.00146471 -0.742529
7 -0.744171 0.00146526 -0.742705
8 -0.74439 0.00146586 -0.742924
9 -0.744731 0.00146687 -0.743264
10 -0.74619 0.00146701 -0.744723
11 -0.7483 0.00146742 -0.746833
12 -0.749748 0.00146833 -0.748279
13 -0.749917 0.00146879 -0.748449
14 -0.749932 0.00146899 -0.748463
15 -0.750288 0.00146902 -0.748819
16 -0.750503 0.0014691 -0.749034
17 -0.751028 0.0014695 -0.749558
18 -0.751528 0.0014703 -0.750058
19 -0.751613 0.00147069 -0.750142
20 -0.751878 0.00147076 -0.750408
21 -0.752114 0.0014709 -0.750643
22 -0.752522 0.00147131 -0.75105
23 -0.752768 0.0014717 -0.751297
24 -0.752917 0.001472 -0.751445
25 -0.75499 0.00147592 -0.753514
26 -0.755301 0.00147757 -0.753824
27 -0.755561 0.00148013 -0.754081
28 -0.755681 0.00148187 -0.7542
29 -0.755855 0.00148364 -0.754371
30 -0.759033 0.00148375 -0.757549
31 -0.760163 0.00148391 -0.758679
32 -0.760646 0.00148404 -0.759162
33 -0.760818 0.00148415 -0.759334
34 -0.760979 0.00148438 -0.759495
35 -0.761195 0.00148491 -0.75971
36 -0.76133 0.00148551 -0.759844
37 -0.761428 0.00148615 -0.759942
38 -0.761502 0.00148696 -0.760015
39 -0.761538 0.00148755 -0.76005
40 -0.761816 0.00148758 -0.760329
41 -0.762283 0.00148766 -0.760796
42 -0.762727 0.00148783 -0.761239
43 -0.762841 0.00148802 -0.761353
44 -0.762966 0.00148844 -0.761478
45 -0.763037 0.00148904 -0.761548
46 -0.763223 0.00149012 -0.761732
47 -0.764056 0.00149432 -0.762562
48 -0.764571 0.00149914 -0.763072
49 -0.765026 0.00150469 -0.763521
50 -0.767315 0.00150478 -0.765811
51 -0.768205 0.00150489 -0.766701
52 -0.769784 0.00150532 -0.768278
53 -0.769938 0.00150541 -0.768433
54 -0.770085 0.00150553 -0.768579
55 -0.770195 0.00150563 -0.76869
56 -0.770231 0.00150566 -0.768726
57 -0.770293 0.00150572 -0.768787
58 -0.770352 0.00150579 -0.768846
59 -0.770386 0.00150584 -0.768881
60 -0.770454 0.0015059 -0.768948
61 -0.770713 0.00150622 -0.769206
62 -0.770872 0.00150665 -0.769365
63 -0.771032 0.00150743 -0.769525
64 -0.771047 0.00150831 -0.769538
65 -0.771082 0.00150832 -0.769574
66 -0.771112 0.00150832 -0.769603
67 -0.771135 0.00150833 -0.769627
68 -0.771165 0.00150834 -0.769656
69 -0.771221 0.00150835 -0.769713
70 -0.771306 0.00150839 -0.769797
71 -0.771491 0.00150857 -0.769983
72 -0.771585 0.00150872 -0.770076
73 -0.771649 0.00150884 -0.77014
74 -0.771678 0.00150891 -0.770169
75 -0.771704 0.00150897 -0.770195
76 -0.771742 0.00150905 -0.770233
77 -0.771793 0.0015092 -0.770284
78 -0.771818 0.00150933 -0.770309
79 -0.771857 0.00150962 -0.770348
80 -0.771884 0.00150963 -0.770374
81 -0.771901 0.00150964 -0.770391
82 -0.771918 0.00150965 -0.770409
83 -0.771931 0.00150965 -0.770422
84 -0.77195 0.00150967 -0.77044
85 -0.77199 0.00150972 -0.77048
86 -0.772043 0.00150984 -0.770533
87 -0.772055 0.00150992 -0.770545
88 -0.772095 0.00150994 -0.770586
89 -0.772137 0.00150997 -0.770627
90 -0.77223 0.00151022 -0.77072
91 -0.77226 0.00151069 -0.77075
92 -0.772337 0.00151071 -0.770826
93 -0.772384 0.00151072 -0.770874
94 -0.772412 0.00151074 -0.770901
95 -0.772425 0.00151075 -0.770915
96 -0.772439 0.00151076 -0.770928
97 -0.772449 0.00151077 -0.770939
98 -0.772458 0.00151078 -0.770947
99 -0.772498 0.00151088 -0.770987
