-1 -0.609641 0 -0.609641
0 -0.715447 1.42601e-07 -0.715447
1 -0.775387 1.33685e-06 -0.775385
2 -0.786598 2.1325e-06 -0.786596
3 -0.788371 2.32345e-06 -0.788369
4 -0.789304 2.39731e-06 -0.789301
5 -0.790106 2.44087e-06 -0.790103
6 -0.791234 2.45083e-06 -0.791232
7 -0.792355 2.47032e-06 -0.792352
8 -0.793052 2.50075e-06 -0.793049
9 -0.793938 2.57784e-06 -0.793936
10 -0.795072 2.59861e-06 -0.79507
11 -0.795896 2.70733e-06 -0.795893
12 -0.796077 2.75452e-06 -0.796075
13 -0.79638 2.84501e-06 -0.796377
14 -0.796839 2.99886e-06 -0.796836
15 -0.797392 3.47848e-06 -0.797389
16 -0.800848 3.43037e-06 -0.800845
17 -0.800848 3.43037e-06 -0.800845
18 -0.801131 3.43752e-06 -0.801128
19 -0.801242 3.44087e-06 -0.801238
20 -0.801351 3.44467e-06 -0.801347
21 -0.801399 3.44649e-06 -0.801395
22 -0.801432 3.44785e-06 -0.801429
23 -0.801455 3.44883e-06 -0.801452
24 -0.801478 3.44981e-06 -0.801475
25 -0.801489 3.45029e-06 -0.801486
26 -0.801489 3.4503e-06 -0.801486
27 -0.801784 3.46993e-06 -0.80178
28 -0.802081 3.49678e-06 -0.802077
29 -0.802597 3.56175e-06 -0.802593
30 -0.807114 4.58928e-06 -0.80711
31 -0.830172 2.27845e-05 -0.830149
32 -0.835937 3.621e-05 -0.835901
33 -0.842354 4.98589e-05 -0.842304
34 -0.84783 6.76501e-05 -0.847762
35 -0.853666 0.00010091 -0.853565
36 -0.856454 0.000125321 -0.856329
37 -0.859509 0.000154197 -0.859355
38 -0.862834 0.000195259 -0.862638
39 -0.865356 0.00022835 -0.865127
40 -0.867829 0.000227367 -0.867602
41 -0.873847 0.000224459 -0.873623
42 -0.87802 0.000222894 -0.877797
43 -0.879933 0.00022368 -0.879709
44 -0.883026 0.000228729 -0.882797
45 -0.884441 0.000234078 -0.884207
46 -0.886386 0.000242003 -0.886144
47 -0.888555 0.000254612 -0.8883
48 -0.889665 0.000265289 -0.889399
49 -0.891319 0.000283729 -0.891035
50 -0.894356 0.000286906 -0.894069
51 -0.89732 0.000296034 -0.897024
52 -0.898262 0.000304373 -0.897958
53 -0.898523 0.000308801 -0.898214
54 -0.898765 0.000313366 -0.898451
55 -0.899002 0.000316967 -0.898685
56 -0.899391 0.000321995 -0.899069
57 -0.900033 0.000327663 -0.899705
58 -0.900837 0.00033719 -0.9005
59 -0.901085 0.000343005 -0.900742
60 -0.902653 0.000344079 -0.902309
61 -0.904043 0.000348681 -0.903694
62 -0.904361 0.000351104 -0.90401
63 -0.90467 0.000355146 -0.904315
64 -0.90486 0.000359126 -0.904501
65 -0.905056 0.000361672 -0.904694
66 -0.905524 0.00036592 -0.905158
67 -0.906085 0.000372135 -0.905713
68 -0.906427 0.000378032 -0.906049
69 -0.90664 0.000381714 -0.906258
70 -0.907688 0.000383093 -0.907305
71 -0.908442 0.000386575 -0.908056
72 -0.908902 0.000390693 -0.908511
73 -0.909447 0.000396731 -0.90905
74 -0.90982 0.000401591 -0.909419
75 -0.910366 0.000407973 -0.909958
76 -0.911157 0.000420768 -0.910737
77 -0.911937 0.000441623 -0.911495
78 -0.912429 0.000459345 -0.911969
79 -0.913371 0.000506002 -0.912865
80 -0.915871 0.000506999 -0.915364
81 -0.917137 0.000508359 -0.916629
82 -0.918149 0.000511247 -0.917638
83 -0.918579 0.000513825 -0.918065
84 -0.919145 0.000521809 -0.918623
85 -0.919335 0.000527185 -0.918808
86 -0.91962 0.000537931 -0.919082
87 -0.919908 0.000555034 -0.919353
88 -0.920137 0.000575175 -0.919562
89 -0.92043 0.000597295 -0.919833
90 -0.92252 0.000599926 -0.92192
91 -0.924266 0.000605324 -0.923661
92 -0.924763 0.000609449 -0.924154
93 -0.925257 0.000614878 -0.924643
94 -0.925633 0.000622297 -0.925011
95 -0.925924 0.000630658 -0.925293
96 -0.926192 0.000639895 -0.925552
97 -0.926501 0.00064989 -0.925851
98 -0.927119 0.00066919 -0.92645
99 -0.927749 0.000697483 -0.927051
