-1 -0.611219 0.0564054 -0.554814
0 -0.613749 0.0559309 -0.557818
1 -0.614964 0.0553226 -0.559642
2 -0.615202 0.0534616 -0.56174
3 -0.613101 0.0494113 -0.56369
4 -0.619551 0.0489118 -0.57064
5 -0.620452 0.0467439 -0.573708
6 -0.61869 0.0430239 -0.575666
7 -0.616976 0.0407265 -0.576249
8 -0.61453 0.0375263 -0.577003
9 -0.612898 0.0353877 -0.57751
10 -0.619094 0.0352425 -0.583852
11 -0.620455 0.035094 -0.585361
12 -0.621082 0.0348395 -0.586243
13 -0.622908 0.033348 -0.58956
14 -0.623243 0.0332806 -0.589962
15 -0.623424 0.0332147 -0.590209
16 -0.623472 0.0331893 -0.590283
17 -0.6235 0.0331714 -0.590329
18 -0.623516 0.0331598 -0.590356
19 -0.623525 0.0331526 -0.590373
20 -0.623558 0.033122 -0.590435
21 -0.62357 0.0331082 -0.590462
22 -0.623579 0.0330982 -0.590481
23 -0.623589 0.0330851 -0.590504
24 -0.623601 0.0330694 -0.590532
25 -0.623607 0.0330604 -0.590547
26 -0.623609 0.0330577 -0.590551
27 -0.623637 0.0330079 -0.590629
28 -0.623676 0.0329003 -0.590776
29 -0.623698 0.0327977 -0.5909
30 -0.623777 0.0314802 -0.592297
31 -0.623591 0.0296357 -0.593955
32 -0.623622 0.0286374 -0.594985
33 -0.624225 0.0282101 -0.596015
34 -0.624377 0.0283159 -0.596061
35 -0.624441 0.0283713 -0.596069
36 -0.624543 0.0284548 -0.596088
37 -0.624602 0.0284994 -0.596102
38 -0.624665 0.0285438 -0.596122
39 -0.624731 0.0285863 -0.596144
40 -0.624833 0.0285639 -0.59627
41 -0.62489 0.0285491 -0.596341
42 -0.624944 0.028533 -0.596411
43 -0.624984 0.0285185 -0.596465
44 -0.625016 0.0285065 -0.596509
45 -0.625067 0.0284882 -0.596579
46 -0.625116 0.0284711 -0.596645
47 -0.62515 0.0284562 -0.596694
48 -0.62515 0.0284431 -0.596707
49 -0.62515 0.0284401 -0.59671
50 -0.625164 0.0284092 -0.596755
51 -0.625168 0.0283925 -0.596775
52 -0.625168 0.0283851 -0.596783
53 -0.62517 0.0283808 -0.596789
54 -0.62518 0.0283814 -0.596799
55 -0.625209 0.028399 -0.59681
56 -0.625273 0.0284469 -0.596826
57 -0.625269 0.0284416 -0.596827
58 -0.625269 0.0284416 -0.596827
59 -0.625269 0.0284416 -0.596827
60 -0.625269 0.0284416 -0.596827
61 -0.625269 0.0284416 -0.596827
62 -0.625269 0.0284416 -0.596827
63 -0.625269 0.0284416 -0.596827
64 -0.625269 0.0284416 -0.596827
