-1 -0.609641 0 -0.609641
0 -0.715447 0.00285203 -0.712595
1 -0.747625 0.0103024 -0.737323
2 -0.767115 0.0172385 -0.749876
3 -0.774601 0.0213773 -0.753224
4 -0.776742 0.0228644 -0.753878
5 -0.778866 0.0244753 -0.754391
6 -0.779633 0.0250874 -0.754545
7 -0.779839 0.0252543 -0.754585
8 -0.779839 0.0252543 -0.754585
9 -0.779842 0.0252567 -0.754585
10 -0.780525 0.0257296 -0.754796
11 -0.780665 0.0258307 -0.754834
12 -0.780767 0.0259057 -0.754862
13 -0.780834 0.025955 -0.754879
14 -0.780855 0.0259703 -0.754885
15 -0.780981 0.0260627 -0.754919
16 -0.781121 0.0261644 -0.754956
17 -0.781271 0.0262745 -0.754996
18 -0.781431 0.026393 -0.755038
19 -0.781514 0.0264556 -0.755059
20 -0.781782 0.0266496 -0.755132
21 -0.781903 0.0267406 -0.755162
22 -0.781924 0.0267572 -0.755167
23 -0.782199 0.0269676 -0.755232
24 -0.782274 0.027026 -0.755248
25 -0.782362 0.0270948 -0.755267
26 -0.78246 0.027173 -0.755287
27 -0.782513 0.0272161 -0.755297
28 -0.782542 0.0272398 -0.755302
29 -0.782616 0.0273004 -0.755316
30 -0.782878 0.0275097 -0.755368
31 -0.783079 0.0276837 -0.755396
32 -0.783079 0.0276837 -0.755396
33 -0.783245 0.0278291 -0.755416
34 -0.783303 0.027882 -0.755421
35 -0.783414 0.0279838 -0.75543
36 -0.783478 0.0280428 -0.755435
37 -0.783478 0.0280428 -0.755435
38 -0.783478 0.0280428 -0.755435
39 -0.783478 0.0280428 -0.755435
40 -0.783478 0.0280428 -0.755435
41 -0.783478 0.0280428 -0.755435
