-1 -0.411467 0.053777 -0.35769
0 -0.412953 0.0418061 -0.371147
1 -0.406108 0.0303097 -0.375798
2 -0.402971 0.0247268 -0.378244
3 -0.40053 0.0185243 -0.382006
4 -0.401145 0.0174578 -0.383687
5 -0.403389 0.0176145 -0.385775
6 -0.407317 0.0191902 -0.388126
7 -0.409628 0.0205387 -0.389089
8 -0.41184 0.0220751 -0.389765
9 -0.413425 0.0232195 -0.390205
10 -0.414746 0.023013 -0.391733
11 -0.415419 0.0229843 -0.392435
12 -0.415821 0.0230849 -0.392736
13 -0.417184 0.0235205 -0.393663
14 -0.419032 0.0244191 -0.394613
15 -0.420179 0.0248642 -0.395315
16 -0.420199 0.0248486 -0.39535
17 -0.420206 0.0248409 -0.395365
18 -0.420208 0.0248391 -0.395369
19 -0.420217 0.0248204 -0.395396
20 -0.420213 0.0246697 -0.395543
21 -0.420184 0.0245678 -0.395616
22 -0.420134 0.0244445 -0.39569
23 -0.420003 0.0241952 -0.395808
24 -0.419744 0.0237493 -0.395994
25 -0.419392 0.0231916 -0.3962
26 -0.419073 0.0227361 -0.396337
27 -0.418938 0.0225411 -0.396397
28 -0.418909 0.0224945 -0.396415
29 -0.418919 0.0224987 -0.39642
30 -0.419193 0.0226844 -0.396509
31 -0.419427 0.0228696 -0.396557
32 -0.420014 0.0234002 -0.396614
33 -0.420014 0.0234002 -0.396614
34 -0.420001 0.023381 -0.39662
35 -0.419987 0.0233548 -0.396632
36 -0.419983 0.0233462 -0.396637
37 -0.419989 0.023345 -0.396644
38 -0.419988 0.0233426 -0.396646
39 -0.419988 0.0233412 -0.396646
40 -0.419987 0.0233388 -0.396648
41 -0.419986 0.0233375 -0.396649
42 -0.419986 0.0233363 -0.39665
43 -0.419986 0.023336 -0.39665
44 -0.419987 0.0233366 -0.396651
45 -0.419988 0.0233376 -0.396651
