-1 -0.605052 0 -0.605052
0 -0.620325 0.00622602 -0.614099
1 -0.626305 0.00158222 -0.624723
2 -0.631561 0.00223012 -0.629331
3 -0.633336 0.00327502 -0.63006
4 -0.634106 0.00379849 -0.630307
5 -0.635594 0.00475934 -0.630835
6 -0.637474 0.00535371 -0.63212
7 -0.63728 0.00266578 -0.634614
8 -0.638351 0.00326154 -0.63509
9 -0.639391 0.00413761 -0.635253
10 -0.640595 0.00472947 -0.635866
11 -0.641418 0.0046692 -0.636749
12 -0.641955 0.00487879 -0.637076
13 -0.641929 0.00484125 -0.637088
14 -0.641917 0.00482311 -0.637094
15 -0.641881 0.00477318 -0.637108
16 -0.641354 0.00411563 -0.637239
17 -0.641415 0.00416428 -0.637251
18 -0.641427 0.00417524 -0.637252
19 -0.641427 0.00417524 -0.637252
20 -0.64143 0.00417774 -0.637252
21 -0.641461 0.00420593 -0.637256
22 -0.641462 0.00420671 -0.637256
23 -0.641463 0.00420779 -0.637256
24 -0.641464 0.00420846 -0.637256
25 -0.641464 0.00420846 -0.637256
26 -0.641464 0.00420846 -0.637256
27 -0.641464 0.00420846 -0.637256
28 -0.641464 0.00420846 -0.637256
29 -0.641464 0.00420846 -0.637256
30 -0.641464 0.00420846 -0.637256
