-1 -0.572058 0.00941983 -0.562638
0 -0.583637 0.00329238 -0.580344
1 -0.583637 0.00329238 -0.580344
2 -0.583674 0.0032433 -0.580431
3 -0.583683 0.00323251 -0.580451
4 -0.583683 0.00323251 -0.580451
5 -0.584017 0.00324011 -0.580777
6 -0.584017 0.00324011 -0.580777
7 -0.584319 0.00340657 -0.580912
8 -0.584321 0.00340796 -0.580913
9 -0.584404 0.00345321 -0.58095
10 -0.584465 0.00347336 -0.580992
11 -0.584465 0.00347336 -0.580992
12 -0.584505 0.00349847 -0.581007
13 -0.584505 0.00349847 -0.581007
14 -0.584505 0.00349847 -0.581007
15 -0.584505 0.00349847 -0.581007
16 -0.584505 0.00349847 -0.581007
17 -0.584505 0.00349847 -0.581007
18 -0.584505 0.00349847 -0.581007
19 -0.584505 0.00349847 -0.581007
20 -0.584505 0.00349847 -0.581007
21 -0.584505 0.00349847 -0.581007
