-1 0.136762 0.0189312 0.155693
0 -0.210733 0.0283416 -0.182391
1 -0.247603 0.0263206 -0.221282
2 -0.268642 0.0207956 -0.247847
3 -0.279374 0.0173095 -0.262064
4 -0.285762 0.0151911 -0.270571
5 -0.302993 0.0116287 -0.291364
6 -0.313082 0.0109483 -0.302134
7 -0.315861 0.0109268 -0.304935
8 -0.317469 0.0109482 -0.306521
9 -0.318375 0.010971 -0.307404
10 -0.323094 0.0111682 -0.311926
11 -0.32488 0.0113048 -0.313575
12 -0.325034 0.0113188 -0.313716
13 -0.325034 0.0113188 -0.313716
14 -0.325034 0.0113188 -0.313716
15 -0.328501 0.0110413 -0.317459
16 -0.328525 0.0110405 -0.317484
17 -0.328525 0.0110405 -0.317484
18 -0.333358 0.0101585 -0.3232
19 -0.333386 0.0101593 -0.323227
20 -0.333386 0.0101593 -0.323227
21 -0.334939 0.0101089 -0.324831
22 -0.334939 0.0101089 -0.324831
23 -0.335526 0.0102083 -0.325318
24 -0.33565 0.0102488 -0.325401
25 -0.33565 0.0102488 -0.325401
26 -0.336104 0.0104447 -0.325659
27 -0.336293 0.0105497 -0.325743
28 -0.336293 0.0105497 -0.325743
29 -0.336307 0.0105572 -0.325749
30 -0.336579 0.0107233 -0.325856
31 -0.336687 0.0107951 -0.325892
32 -0.336687 0.0107951 -0.325892
33 -0.336687 0.0107951 -0.325892
34 -0.336687 0.0107951 -0.325892
35 -0.336687 0.0107951 -0.325892
36 -0.336687 0.0107951 -0.325892
37 -0.336687 0.0107951 -0.325892
