-1 0.176028 0.00766807 0.183696
0 0.176028 0.00766807 0.183696
1 0.176028 0.00766807 0.183696
2 0.164057 0.006234 0.170291
3 0.164057 0.006234 0.170291
4 0.163459 0.00628806 0.169747
5 0.16345 0.00628907 0.169739
6 0.161919 0.00650175 0.168421
7 0.161427 0.00660885 0.168036
8 0.161119 0.00668647 0.167806
9 0.160935 0.0067372 0.167672
10 0.160673 0.00681614 0.167489
11 0.160544 0.0068574 0.167402
12 0.160521 0.00686525 0.167386
13 0.160517 0.00686656 0.167383
14 0.159945 0.00706119 0.167006
15 0.159624 0.00718262 0.166807
16 0.159262 0.00733143 0.166593
17 0.159063 0.00741894 0.166482
18 0.158947 0.00747173 0.166418
19 0.158819 0.0075313 0.16635
20 0.157961 0.00796329 0.165925
21 0.157961 0.00796329 0.165925
22 0.156786 0.00863239 0.165418
23 0.156731 0.0086684 0.165399
24 0.156731 0.0086684 0.165399
25 0.156205 0.00901741 0.165223
26 0.156205 0.00901741 0.165223
27 0.156205 0.00901741 0.165223
28 0.156205 0.00901741 0.165223
29 0.156205 0.00901741 0.165223
30 0.156205 0.00901741 0.165223
31 0.156205 0.00901741 0.165223
32 0.156205 0.00901741 0.165223
