-1 -0.46506 0.0219852 -0.443074
0 -0.48265 0.0240982 -0.458552
1 -0.495408 0.0284936 -0.466914
2 -0.499934 0.029803 -0.470131
3 -0.500887 0.0280711 -0.472816
4 -0.501296 0.0269449 -0.474351
5 -0.501424 0.026799 -0.474625
6 -0.501601 0.0267853 -0.474816
7 -0.501961 0.0268676 -0.475094
8 -0.502671 0.0271596 -0.475512
9 -0.503127 0.027472 -0.475655
10 -0.503174 0.0274371 -0.475737
11 -0.503173 0.0273573 -0.475816
12 -0.50308 0.0271638 -0.475916
13 -0.502945 0.0269756 -0.47597
14 -0.502486 0.0264526 -0.476033
15 -0.502521 0.0264511 -0.476069
16 -0.502535 0.026451 -0.476084
17 -0.502537 0.0264511 -0.476086
18 -0.502544 0.0264514 -0.476092
19 -0.502572 0.0264546 -0.476118
20 -0.502638 0.0264757 -0.476162
21 -0.502645 0.0264782 -0.476167
22 -0.502676 0.026492 -0.476184
23 -0.502695 0.0265016 -0.476193
24 -0.502759 0.0265382 -0.47622
25 -0.502791 0.0265593 -0.476232
26 -0.5028 0.0265652 -0.476235
27 -0.502853 0.0266032 -0.47625
28 -0.502901 0.026639 -0.476261
29 -0.502906 0.0266428 -0.476263
30 -0.502903 0.0266366 -0.476266
31 -0.502923 0.0266452 -0.476278
32 -0.502955 0.0266744 -0.47628
33 -0.502955 0.0266744 -0.47628
34 -0.502955 0.0266744 -0.47628
35 -0.502955 0.0266744 -0.47628
36 -0.502955 0.0266744 -0.47628
37 -0.502955 0.0266744 -0.47628
38 -0.502955 0.0266744 -0.47628
